{
    "BGE-Base-Final": {
        "norm_matrix": [
            [
                0.0,
                0.866531488510377,
                1.236984383652684,
                1.2744908654229394,
                0.7906869090204789,
                1.0383086542871964
            ],
            [
                0.866531488510377,
                0.0,
                1.1470627991693525,
                1.2480933055649712,
                0.8132863769303003,
                0.9886410239743652
            ],
            [
                1.236984383652684,
                1.1470627991693525,
                0.0,
                0.7138947502680585,
                1.0309044773925145,
                0.7422575173214654
            ],
            [
                1.2744908654229394,
                1.2480933055649712,
                0.7138947502680585,
                0.0,
                1.110780769592806,
                0.985088903943635
            ],
            [
                0.7906869090204789,
                0.8132863769303003,
                1.0309044773925145,
                1.110780769592806,
                0.0,
                1.0129877714447826
            ],
            [
                1.0383086542871964,
                0.9886410239743652,
                0.7422575173214654,
                0.985088903943635,
                1.0129877714447826,
                0.0
            ]
        ],
        "labels": [
            "anger",
            "fear",
            "happiness",
            "love",
            "sadness",
            "surprise"
        ]
    },
    "MPNet-Base-Final": {
        "norm_matrix": [
            [
                0.0,
                0.9578560718039869,
                1.1113113943495778,
                1.215726627304641,
                0.810468909065053,
                0.8606402077653897
            ],
            [
                0.9578560718039869,
                0.0,
                1.1435308521603613,
                1.2870770607438293,
                0.938216372010652,
                1.0094541432966673
            ],
            [
                1.1113113943495778,
                1.1435308521603613,
                0.0,
                0.807658063938283,
                0.9591078973685744,
                0.7913041947268302
            ],
            [
                1.215726627304641,
                1.2870770607438293,
                0.807658063938283,
                0.0,
                1.0841035923882685,
                1.0486194648556157
            ],
            [
                0.810468909065053,
                0.938216372010652,
                0.9591078973685744,
                1.0841035923882685,
                0.0,
                0.9749251453563899
            ],
            [
                0.8606402077653897,
                1.0094541432966673,
                0.7913041947268302,
                1.0486194648556157,
                0.9749251453563899,
                0.0
            ]
        ],
        "labels": [
            "anger",
            "fear",
            "happiness",
            "love",
            "sadness",
            "surprise"
        ]
    },
    "BGE-Base-Mid": {
        "norm_matrix": [
            [
                0.0,
                0.7060636615339496,
                1.1178175299689033,
                1.114503330470291,
                0.7427897701169358,
                0.8882086907656318
            ],
            [
                0.7060636615339496,
                0.0,
                1.1853035610572165,
                1.2515342946702004,
                0.7754593540622939,
                1.0290884578848083
            ],
            [
                1.1178175299689033,
                1.1853035610572165,
                0.0,
                1.0464301286999127,
                0.9880938553148018,
                1.0542888781531996
            ],
            [
                1.114503330470291,
                1.2515342946702004,
                1.0464301286999127,
                0.0,
                1.0042094369056056,
                1.1327911538333948
            ],
            [
                0.7427897701169358,
                0.7754593540622939,
                0.9880938553148018,
                1.0042094369056056,
                0.0,
                0.9634178869597801
            ],
            [
                0.8882086907656318,
                1.0290884578848083,
                1.0542888781531996,
                1.1327911538333948,
                0.9634178869597801,
                0.0
            ]
        ],
        "labels": [
            "anger",
            "fear",
            "happiness",
            "love",
            "sadness",
            "surprise"
        ]
    },
    "MPNet-Base-Mid": {
        "norm_matrix": [
            [
                0.0,
                0.7924399416199496,
                1.1378415770675667,
                1.2010466348036064,
                0.7314417991201578,
                0.9354613739992524
            ],
            [
                0.7924399416199496,
                0.0,
                1.1398334857011159,
                1.2507239791112779,
                0.8186318524205443,
                1.0385423420377073
            ],
            [
                1.1378415770675667,
                1.1398334857011159,
                0.0,
                0.8859829935707201,
                0.9746738778186294,
                0.9208150344664144
            ],
            [
                1.2010466348036064,
                1.2507239791112779,
                0.8859829935707201,
                0.0,
                1.0709763619478283,
                1.1135588029997505
            ],
            [
                0.7314417991201578,
                0.8186318524205443,
                0.9746738778186294,
                1.0709763619478283,
                0.0,
                0.9880299393283004
            ],
            [
                0.9354613739992524,
                1.0385423420377073,
                0.9208150344664144,
                1.1135588029997505,
                0.9880299393283004,
                0.0
            ]
        ],
        "labels": [
            "anger",
            "fear",
            "happiness",
            "love",
            "sadness",
            "surprise"
        ]
    },
    "BGE-FT-Final": {
        "norm_matrix": [
            [
                0.0,
                0.989922097321032,
                1.0012404368449428,
                1.0087972440132207,
                0.9733760706351997,
                1.000561636894173
            ],
            [
                0.989922097321032,
                0.0,
                1.0367012926910764,
                0.9501313872289542,
                0.9953467371737944,
                0.9764032650135815
            ],
            [
                1.0012404368449428,
                1.0367012926910764,
                0.0,
                1.010235989662408,
                1.0213942761192873,
                0.9576073993899394
            ],
            [
                1.0087972440132207,
                0.9501313872289542,
                1.010235989662408,
                0.0,
                1.0226008519719174,
                1.076575499609288
            ],
            [
                0.9733760706351997,
                0.9953467371737944,
                1.0213942761192873,
                1.0226008519719174,
                0.0,
                0.9791058143440867
            ],
            [
                1.000561636894173,
                0.9764032650135815,
                0.9576073993899394,
                1.076575499609288,
                0.9791058143440867,
                0.0
            ]
        ],
        "labels": [
            "anger",
            "fear",
            "happiness",
            "love",
            "sadness",
            "surprise"
        ]
    },
    "MPNet-FT-Final": {
        "norm_matrix": [
            [
                0.0,
                0.9962340236074075,
                1.0166621804412317,
                1.021418430747306,
                0.935781011063115,
                0.9917031849817031
            ],
            [
                0.9962340236074075,
                0.0,
                1.0153680230843662,
                1.0171462693213809,
                0.959777060076736,
                0.9935610693189062
            ],
            [
                1.0166621804412317,
                1.0153680230843662,
                0.0,
                1.0047648534885552,
                1.025561324001339,
                0.9882914222089606
            ],
            [
                1.021418430747306,
                1.0171462693213809,
                1.0047648534885552,
                0.0,
                1.0262572139766855,
                1.0138675841240448
            ],
            [
                0.935781011063115,
                0.959777060076736,
                1.025561324001339,
                1.0262572139766855,
                0.0,
                0.9936063485532003
            ],
            [
                0.9917031849817031,
                0.9935610693189062,
                0.9882914222089606,
                1.0138675841240448,
                0.9936063485532003,
                0.0
            ]
        ],
        "labels": [
            "anger",
            "fear",
            "happiness",
            "love",
            "sadness",
            "surprise"
        ]
    },
    "BGE-FT-Mid": {
        "norm_matrix": [
            [
                0.0,
                0.720820606401555,
                1.2153083506451472,
                1.1363515832283184,
                0.7394393180160131,
                0.8093530085004971
            ],
            [
                0.720820606401555,
                0.0,
                1.2338950038818801,
                1.2554403648528507,
                0.7263534271634782,
                0.8862955409048832
            ],
            [
                1.2153083506451472,
                1.2338950038818801,
                0.0,
                1.1073613178853632,
                1.0725001741558915,
                1.090812587458174
            ],
            [
                1.1363515832283184,
                1.2554403648528507,
                1.1073613178853632,
                0.0,
                1.0042651506605353,
                1.121880961329215
            ],
            [
                0.7394393180160131,
                0.7263534271634782,
                1.0725001741558915,
                1.0042651506605353,
                0.0,
                0.8799225982386413
            ],
            [
                0.8093530085004971,
                0.8862955409048832,
                1.090812587458174,
                1.121880961329215,
                0.8799225982386413,
                0.0
            ]
        ],
        "labels": [
            "anger",
            "fear",
            "happiness",
            "love",
            "sadness",
            "surprise"
        ]
    },
    "MPNet-FT-Mid": {
        "norm_matrix": [
            [
                0.0,
                0.8122898488954321,
                1.272019417202059,
                1.1066097306848068,
                0.7912545376321302,
                0.8743026600571332
            ],
            [
                0.8122898488954321,
                0.0,
                1.1625439831938031,
                1.1449161732665996,
                0.7935496763654005,
                0.9172722607083347
            ],
            [
                1.272019417202059,
                1.1625439831938031,
                0.0,
                0.9415489317172658,
                1.0104605854792117,
                1.0982424494218224
            ],
            [
                1.1066097306848068,
                1.1449161732665996,
                0.9415489317172658,
                0.0,
                1.0130534297763756,
                1.0907863561193452
            ],
            [
                0.7912545376321302,
                0.7935496763654005,
                1.0104605854792117,
                1.0130534297763756,
                0.0,
                0.9711499570518412
            ],
            [
                0.8743026600571332,
                0.9172722607083347,
                1.0982424494218224,
                1.0907863561193452,
                0.9711499570518412,
                0.0
            ]
        ],
        "labels": [
            "anger",
            "fear",
            "happiness",
            "love",
            "sadness",
            "surprise"
        ]
    }
}